*month data   \---1---2---3---4---5---6---7---8---9--10--11--12 <== (no-con.=0, heating=1, cooling=2, h.c.=3)
 air condi.   -   1   1   1   0   0   2   2   2   2   0   0   1
*week data    \ sun mon tue wed thu fri sat <== (no-con.=0, conditioning=1)
 air condi.   -   1   1   1   1   1   1   1
*hour  data   \ ----1 ----2 ----3 ----4 ----5 ----6 ----7 ----8 ----9 ---10 ---11 ---12 ---13 ---14 ---15 ---16 ---17 ---18 ---19 ---20 ---21 ---22 ---23 ---24
room ======>  1     0     0     0     0     0     0     0     0     0     0     0     0     0     0     0     0     0     0     0     0     0     0     0     0
 set low  tem.-  20.0  20.0  20.0  20.0  20.0  20.0  20.0  20.0  20.0  20.0  20.0  20.0  20.0  20.0  20.0  20.0  20.0  20.0  20.0  20.0  20.0  20.0  20.0  20.0
 set high tem.-  27.0  27.0  27.0  27.0  27.0  27.0  27.0  27.0  27.0  27.0  27.0  27.0  27.0  27.0  27.0  27.0  27.0  27.0  27.0  27.0  27.0  27.0  27.0  27.0
 inner heating-   0.0   0.0   0.0   0.0   0.0   0.0   0.0   0.0   0.0   0.0   0.0   0.0   0.0   0.0   0.0   0.0   0.0   0.0   0.0   0.0   0.0   0.0   0.0   0.0
 set low  R.H.-  40.0  40.0  40.0  40.0  40.0  40.0  40.0  40.0  40.0  40.0  40.0  40.0  40.0  40.0  40.0  40.0  40.0  40.0  40.0  40.0  40.0  40.0  40.0  40.0
 set high R.H.-  60.0  60.0  60.0  60.0  60.0  60.0  60.0  60.0  60.0  60.0  60.0  60.0  60.0  60.0  60.0  60.0  60.0  60.0  60.0  60.0  60.0  60.0  60.0  60.0
 moisture gen.-   0.0   0.0   0.0   0.0   0.0   0.0   0.0   0.0   0.0   0.0   0.0   0.0   0.0   0.0   0.0   0.0   0.0   0.0   0.0   0.0   0.0   0.0   0.0   0.0
